pose: 
  position: 
    x: -0.832043008226999
    y: 3.77066000399582
    z: 0.0
  orientation: 
    x: 0.0
    y: 0.0
    z: 0.988054188628752
    w: 0.154106847132689
covariance: (0.1, 0.0, 0.0, 0.0, 0.0, 0.0, 0.0, 0.1, 0.0, 0.0, 0.0, 0.0, 0.0, 0.0, 10000000000.0, 0.0, 0.0, 0.0, 0.0, 0.0, 0.0, 10000000000.0, 0.0, 0.0, 0.0, 0.0, 0.0, 0.0, 10000000000.0, 0.0, 0.0, 0.0, 0.0, 0.0, 0.0, 0.05)