pose: 
  position: 
    x: 0.002148807446873
    y: 0.016614114935273
    z: 0.0
  orientation: 
    x: 0.0
    y: 0.0
    z: -0.760009098512815
    w: 0.649912432699774
covariance: (0.1, 0.0, 0.0, 0.0, 0.0, 0.0, 0.0, 0.1, 0.0, 0.0, 0.0, 0.0, 0.0, 0.0, 10000000000.0, 0.0, 0.0, 0.0, 0.0, 0.0, 0.0, 10000000000.0, 0.0, 0.0, 0.0, 0.0, 0.0, 0.0, 10000000000.0, 0.0, 0.0, 0.0, 0.0, 0.0, 0.0, 0.05)