pose: 
  position: 
    x: 3.32963016990422
    y: 6.41029356664083
    z: 0.0
  orientation: 
    x: 0.0
    y: 0.0
    z: 0.593699811382705
    w: 0.804686606054892
covariance: (0.1, 0.0, 0.0, 0.0, 0.0, 0.0, 0.0, 0.1, 0.0, 0.0, 0.0, 0.0, 0.0, 0.0, 10000000000.0, 0.0, 0.0, 0.0, 0.0, 0.0, 0.0, 10000000000.0, 0.0, 0.0, 0.0, 0.0, 0.0, 0.0, 10000000000.0, 0.0, 0.0, 0.0, 0.0, 0.0, 0.0, 0.05)