pose: 
  position: 
    x: 2.2011098906652
    y: 0.293280519134735
    z: 0.0
  orientation: 
    x: 0.0
    y: 0.0
    z: -0.963513756742749
    w: 0.267658813730232
covariance: (0.1, 0.0, 0.0, 0.0, 0.0, 0.0, 0.0, 0.1, 0.0, 0.0, 0.0, 0.0, 0.0, 0.0, 10000000000.0, 0.0, 0.0, 0.0, 0.0, 0.0, 0.0, 10000000000.0, 0.0, 0.0, 0.0, 0.0, 0.0, 0.0, 10000000000.0, 0.0, 0.0, 0.0, 0.0, 0.0, 0.0, 0.05)