pose: 
  position: 
    x: 3.92256452422827
    y: 0.060880322537647
    z: 0.0
  orientation: 
    x: 0.0
    y: 0.0
    z: -0.929293815539899
    w: 0.369341311525392
covariance: (0.1, 0.0, 0.0, 0.0, 0.0, 0.0, 0.0, 0.1, 0.0, 0.0, 0.0, 0.0, 0.0, 0.0, 10000000000.0, 0.0, 0.0, 0.0, 0.0, 0.0, 0.0, 10000000000.0, 0.0, 0.0, 0.0, 0.0, 0.0, 0.0, 10000000000.0, 0.0, 0.0, 0.0, 0.0, 0.0, 0.0, 0.05)